1,1967.2,64430
1,1965.94,64409
1,1964.67,64429
1,1963.4,64421
1,1962.14,64433
1,1960.87,64466
1,1959.6,64472
1,1958.33,64474
1,1957.06,64504
1,1955.79,64496
1,1954.52,64553
1,1953.25,64535
1,1951.98,64572
1,1950.71,64553
1,1949.44,64586
1,1948.17,64591
1,1946.89,64563
1,1945.62,64552
1,1944.35,64549
1,1943.07,64554
1,1941.8,64566
1,1940.52,64572
1,1939.24,64611
1,1937.97,64623
1,1936.69,64702
1,1935.41,64747
1,1934.13,64810
1,1932.86,64869
1,1931.58,64985
1,1930.3,65144
1,1929.02,65334
1,1927.74,65684
1,1926.46,66037
1,1925.17,66511
1,1923.89,67031
1,1922.61,67693
1,1921.33,68276
1,1920.04,68860
1,1918.76,69348
1,1917.47,69806
1,1916.19,70237
1,1914.9,70535
1,1913.62,70840
1,1912.33,71026
1,1911.04,71108
1,1909.76,71042
1,1908.47,70762
1,1907.18,70474
1,1905.89,69937
1,1904.6,69354
1,1903.31,68747
1,1902.02,68052
1,1900.73,67393
1,1899.44,66697
1,1898.15,66057
1,1896.85,65483
1,1895.56,65051
1,1894.27,64674
1,1892.97,64322
1,1891.68,64084
1,1890.38,63940
1,1889.09,63774
1,1887.79,63730
1,1886.49,63674
1,1885.2,63628
1,1883.9,63600
1,1882.6,63588
1,1881.3,63551
1,1880,63546
1,1878.7,63516
1,1877.4,63500
1,1876.1,63487
1,1874.8,63507
1,1873.5,63428
1,1872.2,63451
1,1870.89,63456
1,1869.59,63441
1,1868.29,63413
1,1866.98,63424
1,1865.68,63404
1,1864.37,63406
1,1863.07,63407
1,1861.76,63417
1,1860.45,63414
1,1859.14,63400
1,1857.84,63392
1,1856.53,63392
1,1855.22,63388
1,1853.91,63357
1,1852.6,63378
1,1851.29,63359
1,1849.98,63357
1,1848.67,63348
1,1847.36,63360
1,1846.04,63339
1,1844.73,63360
1,1843.42,63377
1,1842.1,63344
1,1840.79,63371
1,1839.47,63375
1,1838.16,63371
1,1836.84,63358
1,1835.52,63335
1,1834.21,63373
1,1832.89,63363
1,1831.57,63350
1,1830.25,63343
1,1828.93,63354
1,1827.61,63388
1,1826.29,63334
1,1824.97,63359
1,1823.65,63359
1,1822.33,63355
1,1821.01,63339
1,1819.68,63356
1,1818.36,63344
1,1817.04,63376
1,1815.71,63386
1,1814.39,63386
1,1813.06,63361
1,1811.74,63368
1,1810.41,63366
1,1809.08,63341
1,1807.75,63372
1,1806.43,63377
1,1805.1,63366
1,1803.77,63377
1,1802.44,63375
1,1801.11,63406
1,1799.78,63379
1,1798.45,63363
1,1797.11,63406
1,1795.78,63387
1,1794.45,63368
1,1793.12,63370
1,1791.78,63382
1,1790.45,63372
1,1789.11,63372
1,1787.78,63379
1,1786.44,63405
1,1785.11,63409
1,1783.77,63394
1,1782.43,63387
1,1781.09,63409
1,1779.75,63408
1,1778.42,63391
1,1777.08,63429
1,1775.74,63429
1,1774.4,63470
1,1773.05,63430
1,1771.71,63415
1,1770.37,63437
1,1769.03,63454
1,1767.68,63463
1,1766.34,63428
1,1765,63450
1,1763.65,63437
1,1762.31,63430
1,1760.96,63463
1,1759.61,63441
1,1758.27,63433
1,1756.92,63446
1,1755.57,63465
1,1754.22,63483
1,1752.87,63480
1,1751.52,63464
1,1750.17,63467
1,1748.82,63463
1,1747.47,63480
1,1746.12,63475
1,1744.77,63482
1,1743.41,63483
1,1742.06,63483
1,1740.71,63502
1,1739.35,63483
1,1738,63491
1,1736.64,63495
1,1735.29,63482
1,1733.93,63480
1,1732.57,63490
1,1731.22,63502
1,1729.86,63527
1,1728.5,63502
1,1727.14,63496
1,1725.78,63506
1,1724.42,63516
1,1723.06,63527
1,1721.7,63508
1,1720.34,63518
1,1718.97,63531
1,1717.61,63517
1,1716.25,63525
1,1714.88,63533
1,1713.52,63529
1,1712.15,63640
1,1710.79,63543
1,1709.42,63557
1,1708.05,63549
1,1706.69,63583
1,1705.32,63578
1,1703.95,63545
1,1702.58,63562
1,1701.21,63584
1,1699.84,63582
1,1698.47,63572
1,1697.1,63575
1,1695.73,63605
1,1694.36,63604
1,1692.98,63589
1,1691.61,63603
1,1690.24,63613
1,1688.86,63614
1,1687.49,63594
1,1686.11,63593
1,1684.74,63608
1,1683.36,63637
1,1681.98,63637
1,1680.61,63620
1,1679.23,63627
1,1677.85,63625
1,1676.47,63630
1,1675.09,63643
1,1673.71,63619
1,1672.33,63633
1,1670.95,63629
1,1669.57,63644
1,1668.18,63722
1,1666.8,63629
1,1665.42,63649
1,1664.03,63657
1,1662.65,63669
1,1661.26,63662
1,1659.88,63646
1,1658.49,63684
1,1657.11,63672
1,1655.72,63685
1,1654.33,63685
1,1652.94,63698
1,1651.55,63693
1,1650.16,63686
1,1648.77,63680
1,1647.38,63709
1,1645.99,63703
1,1644.6,63671
1,1643.21,63713
1,1641.81,63736
1,1640.42,63743
1,1639.03,63727
1,1637.63,63746
1,1636.24,63741
1,1634.84,63719
1,1633.45,63748
1,1632.05,63725
1,1630.65,63711
1,1629.25,63755
1,1627.86,63757
1,1626.46,63787
1,1625.06,63786
1,1623.66,63813
1,1622.26,63786
1,1620.86,63794
1,1619.45,63811
1,1618.05,63803
1,1616.65,63793
1,1615.25,63813
1,1613.84,63821
1,1612.44,63833
1,1611.03,63825
1,1609.63,63826
1,1608.22,63809
1,1606.82,63805
1,1605.41,63832
1,1604,63846
1,1602.59,63844
1,1601.18,63835
1,1599.77,63830
1,1598.36,63830
1,1596.95,63824
1,1595.54,63839
1,1594.13,63838
1,1592.72,63816
1,1591.31,63868
1,1589.89,63864
1,1588.48,63876
1,1587.06,63851
1,1585.65,63850
1,1584.23,63859
1,1582.82,63876
1,1581.4,63903
1,1579.98,63874
1,1578.57,63901
1,1577.15,63928
1,1575.73,63879
1,1574.31,63906
1,1572.89,63914
1,1571.47,63918
1,1570.05,63906
1,1568.63,63924
1,1567.2,63912
1,1565.78,63943
1,1564.36,63938
1,1562.93,63940
1,1561.51,63945
1,1560.08,63920
1,1558.66,63963
1,1557.23,63958
1,1555.81,63976
1,1554.38,63971
1,1552.95,63952
1,1551.52,64000
1,1550.09,63981
1,1548.66,64027
1,1547.23,64010
1,1545.8,64020
1,1544.37,64003
1,1542.94,64015
1,1541.51,64018
1,1540.07,64043
1,1538.64,64041
1,1537.21,64045
1,1535.77,64081
1,1534.34,64041
1,1532.9,64049
1,1531.46,64099
1,1530.03,64065
1,1528.59,64087
1,1527.15,64082
1,1525.71,64113
1,1524.27,64125
1,1522.83,64121
1,1521.39,64144
1,1519.95,64166
1,1518.51,64161
1,1517.07,64203
1,1515.62,64190
1,1514.18,64191
1,1512.74,64231
1,1511.29,64211
1,1509.85,64210
1,1508.4,64249
1,1506.96,64240
1,1505.51,64263
1,1504.06,64275
1,1502.62,64325
1,1501.17,64330
1,1499.72,64341
1,1498.27,64342
1,1496.82,64360
1,1495.37,64387
1,1493.92,64402
1,1492.46,64426
1,1491.01,64430
1,1489.56,64461
1,1488.1,64503
1,1486.65,64528
1,1485.2,64560
1,1483.74,64601
1,1482.28,64668
1,1480.83,64704
1,1479.37,64756
1,1477.91,64834
1,1476.46,64913
1,1475,64970
1,1473.54,65040
1,1472.08,65098
1,1470.62,65123
1,1469.16,65184
1,1467.69,65144
1,1466.23,65179
1,1464.77,65169
1,1463.31,65145
1,1461.84,65110
1,1460.38,65148
1,1458.91,65124
1,1457.45,65196
1,1455.98,65245
1,1454.51,65344
1,1453.05,65407
1,1451.58,65547
1,1450.11,65694
1,1448.64,65975
1,1447.17,66087
1,1445.7,66315
1,1444.23,66544
1,1442.76,66653
1,1441.28,66863
1,1439.81,66899
1,1438.34,66879
1,1436.86,66816
1,1435.39,66644
1,1433.91,66507
1,1432.44,66330
1,1430.96,66142
1,1429.49,65965
1,1428.01,65823
1,1426.53,65677
1,1425.05,65569
1,1423.57,65470
1,1422.09,65358
1,1420.61,65311
1,1419.13,65245
1,1417.65,65185
1,1416.17,65193
1,1414.68,65102
1,1413.2,65105
1,1411.72,65088
1,1410.23,65044
1,1408.75,65030
1,1407.26,64998
1,1405.78,64977
1,1404.29,64961
1,1402.8,64926
1,1401.31,64943
1,1399.82,64902
1,1398.34,64926
1,1396.85,64878
1,1395.35,64860
1,1393.86,64882
1,1392.37,64817
1,1390.88,64859
1,1389.39,64816
1,1387.89,64813
1,1386.4,64789
1,1384.9,64759
1,1383.41,64751
1,1381.91,64793
1,1380.42,64751
1,1378.92,64775
1,1377.42,64797
1,1375.92,64766
1,1374.43,64728
1,1372.93,64757
1,1371.43,64784
1,1369.93,64761
1,1368.42,64717
1,1366.92,64738
1,1365.42,64739
1,1363.92,64761
1,1362.41,64705
1,1360.91,64716
1,1359.41,64703
1,1357.9,64675
1,1356.39,64652
1,1354.89,64664
1,1353.38,64669
1,1351.87,64609
1,1350.36,64652
1,1348.86,64657
1,1347.35,64646
1,1345.84,64625
1,1344.32,64604
1,1342.81,64642
1,1341.3,64637
1,1339.79,64647
1,1338.28,64633
1,1336.76,64656
1,1335.25,64628
1,1333.73,64660
1,1332.22,64629
1,1330.7,64646
1,1329.18,64674
1,1327.67,64640
1,1326.15,64623
1,1324.63,64667
1,1323.11,64651
1,1321.59,64637
1,1320.07,64628
1,1318.55,64655
1,1317.03,64681
1,1315.5,64653
1,1313.98,64682
1,1312.46,64676
1,1310.93,64637
1,1309.41,64711
1,1307.88,64658
1,1306.36,64707
1,1304.83,64702
1,1303.3,64716
1,1301.78,64710
1,1300.25,64728
1,1298.72,64716
1,1297.19,64723
1,1295.66,64734
1,1294.13,64729
1,1292.6,64800
1,1291.07,64756
1,1289.53,64776
1,1288,64812
1,1286.47,64810
1,1284.93,64828
1,1283.4,64826
1,1281.86,64820
1,1280.32,64901
1,1278.79,64924
1,1277.25,64932
1,1275.71,64967
1,1274.17,65009
1,1272.63,65096
1,1271.09,65120
1,1269.55,65211
1,1268.01,65243
1,1266.47,65375
1,1264.93,65403
1,1263.38,65469
1,1261.84,65571
1,1260.3,65588
1,1258.75,65596
1,1257.2,65541
1,1255.66,65539
1,1254.11,65486
1,1252.56,65403
1,1251.02,65348
1,1249.47,65260
1,1247.92,65235
1,1246.37,65170
1,1244.82,65109
1,1243.27,65095
1,1241.71,65060
1,1240.16,65032
1,1238.61,65097
1,1237.06,65030
1,1235.5,65003
1,1233.95,65017
1,1232.39,64992
1,1230.83,64953
1,1229.28,64987
1,1227.72,64931
1,1226.16,64976
1,1224.6,64971
1,1223.04,64949
1,1221.48,64948
1,1219.92,64977
1,1218.36,64949
1,1216.8,64935
1,1215.24,64945
1,1213.68,64945
1,1212.11,64910
1,1210.55,64917
1,1208.98,64954
1,1207.42,64947
1,1205.85,64923
1,1204.28,64917
1,1202.72,64963
1,1201.15,64948
1,1199.58,64964
1,1198.01,64926
1,1196.44,64946
1,1194.87,64984
1,1193.3,64959
1,1191.73,64970
1,1190.15,64966
1,1188.58,64946
1,1187.01,64976
1,1185.43,65026
1,1183.86,64998
1,1182.28,65051
1,1180.71,65010
1,1179.13,65015
1,1177.55,65011
1,1175.97,65010
1,1174.39,65039
1,1172.81,65008
1,1171.23,65053
1,1169.65,65044
1,1168.07,65083
1,1166.49,65067
1,1164.91,65106
1,1163.32,65092
1,1161.74,65083
1,1160.16,65109
1,1158.57,65102
1,1156.99,65191
1,1155.4,65074
1,1153.81,65085
1,1152.22,65104
1,1150.64,65122
1,1149.05,65138
1,1147.46,65140
1,1145.87,65171
1,1144.28,65206
1,1142.68,65182
1,1141.09,65224
1,1139.5,65212
1,1137.91,65243
1,1136.31,65260
1,1134.72,65239
1,1133.12,65258
1,1131.53,65293
1,1129.93,65283
1,1128.33,65317
1,1126.73,65309
1,1125.13,65307
1,1123.54,65328
1,1121.94,65388
1,1120.33,65464
1,1118.73,65452
1,1117.13,65457
1,1115.53,65524
1,1113.93,65529
1,1112.32,65599
1,1110.72,65641
1,1109.11,65695
1,1107.51,65743
1,1105.9,65778
1,1104.29,65805
1,1102.69,65836
1,1101.08,65857
1,1099.47,65866
1,1097.86,65905
1,1096.25,65938
1,1094.64,65971
1,1093.03,66035
1,1091.41,66101
1,1089.8,66189
1,1088.19,66311
1,1086.57,66462
1,1084.96,66629
1,1083.34,66878
1,1081.73,67073
1,1080.11,67254
1,1078.49,67419
1,1076.87,67544
1,1075.26,67632
1,1073.64,67596
1,1072.02,67549
1,1070.4,67441
1,1068.77,67334
1,1067.15,67233
1,1065.53,67085
1,1063.91,66990
1,1062.28,66876
1,1060.66,66799
1,1059.03,66688
1,1057.41,66619
1,1055.78,66530
1,1054.15,66529
1,1052.52,66483
1,1050.9,66458
1,1049.27,66491
1,1047.64,66494
1,1046.01,66552
1,1044.37,66638
1,1042.74,66752
1,1041.11,66901
1,1039.48,67063
1,1037.84,67228
1,1036.21,67343
1,1034.57,67404
1,1032.94,67457
1,1031.3,67452
1,1029.66,67396
1,1028.03,67278
1,1026.39,67129
1,1024.75,66977
1,1023.11,66766
1,1021.47,66613
1,1019.83,66489
1,1018.18,66350
1,1016.54,66251
1,1014.9,66633
1,1013.26,66088
1,1011.61,66057
1,1009.97,65978
1,1008.32,65973
1,1006.67,65913
1,1005.03,65873
1,1003.38,65898
1,1001.73,65867
1,1000.08,65858
1,998.431,65872
1,996.78,65870
1,995.129,65843
1,993.477,65848
1,991.825,65835
1,990.172,65861
1,988.518,65846
1,986.863,65853
1,985.208,65852
1,983.552,65872
1,981.896,65909
1,980.238,65849
1,978.58,65870
1,976.922,65882
1,975.263,65902
1,973.603,65901
1,971.942,65879
1,970.281,65883
1,968.619,65937
1,966.956,65912
1,965.293,65928
1,963.629,65927
1,961.965,65964
1,960.299,66017
1,958.633,66287
1,956.967,66382
1,955.299,66158
1,953.631,66030
1,951.963,66041
1,950.293,66049
1,948.623,66086
1,946.953,66105
1,945.281,66129
1,943.609,66113
1,941.936,66164
1,940.263,66138
1,938.589,66173
1,936.914,66204
1,935.238,66253
1,933.562,66239
1,931.885,66267
1,930.208,66313
1,928.53,66317
1,926.851,66321
1,925.171,66351
1,923.491,66358
1,921.81,66361
1,920.128,66396
1,918.446,66416
1,916.763,66404
1,915.079,66414
1,913.395,66500
1,911.71,66496
1,910.024,66486
1,908.338,66521
1,906.651,66564
1,904.963,66609
1,903.274,66677
1,901.585,66720
1,899.895,66738
1,898.205,66763
1,896.514,66831
1,894.822,66835
1,893.129,66896
1,891.436,66982
1,889.742,67015
1,888.047,67127
1,886.352,67242
1,884.656,67421
1,882.959,67616
1,881.262,67889
1,879.563,68263
1,877.865,68750
1,876.165,69412
1,874.465,70267
1,872.764,71183
1,871.062,72168
1,869.36,73056
1,867.657,73653
1,865.953,73928
1,864.249,73709
1,862.544,73182
1,860.838,72381
1,859.132,71472
1,857.424,70622
1,855.717,69765
1,854.008,69164
1,852.299,68664
1,850.589,68272
1,848.878,68045
1,847.167,67875
1,845.455,67771
1,843.742,67652
1,842.028,67610
1,840.314,67584
1,838.599,67578
1,836.884,67579
1,835.168,67514
1,833.451,67509
1,831.733,67553
1,830.015,67508
1,828.296,67502
1,826.576,67531
1,824.855,67545
1,823.134,67566
1,821.412,67522
1,819.69,67522
1,817.966,67628
1,816.242,67573
1,814.518,67615
1,812.792,67590
1,811.066,67622
1,809.339,67649
1,807.612,67686
1,805.884,67699
1,804.155,67786
1,802.425,67753
1,800.695,67788
1,798.964,67811
1,797.232,67866
1,795.499,67892
1,793.766,67933
1,792.032,68019
1,790.298,68092
1,788.562,68140
1,786.826,68226
1,785.09,68355
1,783.352,68412
1,781.614,68523
1,779.875,68600
1,778.136,68680
1,776.395,68783
1,774.654,68881
1,772.912,69000
1,771.17,69071
1,769.427,69203
1,767.683,69317
1,765.938,69391
1,764.193,69512
1,762.447,69614
1,760.7,69677
1,758.953,69843
1,757.205,69957
1,755.456,70104
1,753.706,70245
1,751.956,70312
1,750.205,70524
1,748.453,70642
1,746.701,70750
1,744.947,70917
1,743.194,70985
1,741.439,71153
1,739.684,71205
1,737.927,71287
1,736.171,71322
1,734.413,71423
1,732.655,71578
1,730.896,71644
1,729.136,71760
1,727.376,71826
1,725.615,71878
1,723.853,71939
1,722.09,71991
1,720.327,72093
1,718.563,72091
1,716.798,72096
1,715.033,72138
1,713.266,72154
1,711.5,72276
1,709.732,72374
1,707.963,72237
1,706.194,72351
1,704.425,72293
1,702.654,72332
1,700.883,72379
1,699.111,72419
1,697.338,72418
1,695.564,72417
1,693.79,72398
1,692.015,72517
1,690.24,72544
1,688.463,72483
1,686.686,72479
1,684.908,72466
1,683.129,72449
1,681.35,72438
1,679.57,72425
1,677.789,72471
1,676.008,72453
1,674.225,72480
1,672.442,72397
1,670.659,72394
1,668.874,72424
1,667.089,72433
1,665.303,72489
1,663.516,72384
1,661.729,72357
1,659.941,72324
1,658.152,72320
1,656.362,72235
1,654.572,72344
1,652.781,72301
1,650.989,72232
1,649.196,72230
1,647.403,72195
1,645.609,72181
1,643.814,72217
1,642.019,72189
1,640.222,72132
1,638.425,72172
1,636.628,72101
1,634.829,72077
1,633.03,72110
1,631.23,72065
1,629.429,72049
1,627.627,71934
1,625.825,72035
1,624.022,72040
1,622.219,72051
1,620.414,71951
1,618.609,72016
1,616.803,71991
1,614.996,72036
1,613.189,71956
1,611.381,72080
1,609.572,72117
1,607.762,72038
1,605.951,72029
1,604.14,72056
1,602.328,72114
1,600.516,72102
1,598.702,72088
1,596.888,72106
1,595.073,71998
1,593.257,71873
1,591.441,71726
1,589.624,71610
1,587.806,71212
1,585.987,70891
1,584.168,70359
1,582.347,69958
1,580.526,69598
1,578.705,69389
1,576.882,69397
1,575.059,69516
1,573.235,69629
1,571.41,69737
1,569.585,69986
1,567.759,70134
1,565.932,70383
1,564.104,70650
1,562.275,70917
1,560.446,71213
1,558.616,71478
1,556.785,71787
1,554.954,72002
1,553.121,72268
1,551.288,72471
1,549.454,72642
1,547.62,72888
1,545.784,73095
1,543.948,73258
1,542.111,73497
1,540.274,73754
1,538.435,73889
1,536.596,73987
1,534.756,73975
1,532.916,74099
1,531.074,74147
1,529.232,74192
1,527.389,74215
1,525.545,74356
1,523.701,74453
1,521.855,74494
1,520.009,74642
1,518.163,74655
1,516.315,74784
1,514.467,74826
1,512.618,74860
1,510.768,74971
1,508.917,74916
1,507.066,75052
1,505.213,75050
1,503.36,75253
1,501.507,75292
1,499.652,75360
1,497.797,75463
1,495.941,75523
1,494.084,75603
1,492.226,75572
1,490.368,75735
1,488.509,75807
1,486.649,75927
1,484.788,75972
1,482.927,76058
1,481.065,76257
1,479.202,76260
1,477.338,76329
1,475.473,76385
1,473.608,76450
1,471.742,76538
1,469.875,76544
1,468.007,76572
1,466.139,76588
1,464.269,76544
1,462.399,76574
1,460.529,76563
1,458.657,76480
1,456.785,76491
1,454.912,76564
1,453.038,76612
1,451.163,76557
1,449.288,76565
1,447.411,76601
1,445.534,76690
1,443.656,76761
1,441.778,76725
1,439.898,76831
1,438.018,76886
1,436.137,77084
1,434.256,77071
1,432.373,77199
1,430.49,77268
1,428.606,77397
1,426.721,77446
1,424.835,77453
1,422.949,77401
1,421.061,77368
1,419.173,77524
1,417.285,77424
1,415.395,77485
1,413.504,77336
1,411.613,77522
1,409.721,77480
1,407.829,77473
1,405.935,77545
1,404.041,77629
1,402.145,77768
1,400.25,77886
1,398.353,77864
1,396.455,77991
1,394.557,78103
1,392.658,78245
1,390.758,78270
1,388.857,78418
1,386.956,78555
1,385.053,78651
1,383.15,78748
1,381.246,78901
1,379.342,79024
1,377.436,79240
1,375.53,79461
1,373.623,79672
1,371.715,79818
1,369.806,80036
1,367.897,80222
1,365.987,80401
1,364.076,80697
1,362.164,80932
1,360.251,81154
1,358.338,81394
1,356.423,81619
1,354.508,81930
1,352.592,82323
1,350.676,82581
1,348.758,82818
1,346.84,83141
1,344.921,83336
1,343.001,83621
1,341.08,83902
1,339.159,84187
1,337.236,84556
1,335.313,84813
1,333.389,85073
1,331.464,85303
1,329.539,85489
1,327.613,85606
1,325.685,85868
1,323.757,86125
1,321.829,86383
1,319.899,86560
1,317.969,86812
1,316.037,87172
1,314.105,87409
1,312.173,87946
1,310.239,88289
1,308.304,88709
1,306.369,89154
1,304.433,89518
1,302.496,89817
1,300.558,90057
1,298.62,90397
1,296.681,90724
1,294.74,91233
1,292.799,91566
1,290.858,91979
1,288.915,92564
1,286.972,93183
1,285.027,93716
1,283.082,94391
1,281.136,95173
1,279.19,96331
1,277.242,97219
1,275.294,98475
1,273.345,99886
1,271.395,101110
1,269.444,102780
1,267.492,104442
1,265.54,106350
1,263.586,108525
1,261.632,110781
1,259.677,113684
1,257.722,116927
1,255.765,120360
1,253.808,124086
1,251.85,128133
1,249.891,133214
1,247.931,138737
1,245.97,144566
1,244.008,150896
1,242.046,158138
1,240.083,165498
1,238.119,172543
1,236.154,179466
1,234.188,187127
1,232.222,196880
1,230.255,208788
1,228.286,222697
1,226.317,235941
1,224.348,248431
1,222.377,259048
1,220.406,267324
1,218.433,273842
1,216.46,279393
1,214.486,282595
1,212.511,286660
1,210.536,290792
1,208.559,292512
1,206.582,293953
1,204.604,294513
1,202.625,293824
1,200.645,293515
1,198.664,292132
1,196.683,291217
1,194.7,289450
1,192.717,285901
1,190.733,280904
1,188.748,276765
1,186.763,271515
1,184.776,265844
1,182.789,262881
1,180.801,260424
1,178.812,259356
1,176.822,259340
1,174.831,262222
1,172.839,265442
1,170.847,268564
1,168.854,276289
1,166.86,284420
1,164.865,291390
1,162.869,296506
1,160.872,298685
1,158.875,296371
1,156.876,291519
1,154.877,287442
1,152.877,275907
1,150.876,260498
1,148.875,245515
1,146.872,233257
1,144.869,218302
1,142.864,202829
1,140.859,193172
1,138.853,186701
1,136.846,181964
1,134.839,177892
1,132.83,175009
1,130.821,173496
1,128.81,172523
1,126.799,171642
1,124.787,171116
1,122.775,170409
1,120.761,171127
1,118.746,171947
1,116.731,172883
1,114.715,174062
1,112.698,175605
1,110.68,177998
1,108.661,180669
1,106.641,183395
1,104.621,187139
1,102.6,191189
1,100.577,195587
1,98.5543,200623
1,96.5304,206966
1,94.5056,214447
1,92.4799,222594
1,90.4534,231441
1,88.426,243995
1,86.3977,259730
1,84.3686,278257
1,82.3386,295428
1,80.3078,313026
1,78.2761,329953
1,76.2435,346735
1,74.2101,360543
1,72.1758,374411
1,70.1406,389660
1,68.1046,410531
1,66.0677,433767
1,64.0299,458087
1,61.9913,485483
1,59.9518,521596
1,57.9114,566297
1,55.8702,616160
1,53.828,672256
1,51.7851,753583
1,49.7412,859245
1,47.6965,970058
1,45.6509,1.0767e+006
1,43.6044,1.20905e+006
1,41.5571,1.37929e+006
1,39.5088,1.55326e+006
1,37.4598,1.64082e+006
1,35.4098,1.73401e+006
1,33.359,1.82281e+006
1,31.3072,1.90532e+006
1,29.2546,1.97163e+006
1,27.2012,2.04813e+006
1,25.1468,2.0839e+006
1,23.0916,2.11131e+006
1,21.0355,2.22722e+006
1,18.9785,2.40549e+006
1,16.9207,2.56876e+006
1,14.862,2.71051e+006
1,12.8023,2.72088e+006
1,10.7419,2.72619e+006
1,8.68048,2.73292e+006
1,6.61823,2.75023e+006
1,4.55509,2.75971e+006
1,2.49108,2.75977e+006
1,0.426177,2.76645e+006
1,-1.6396,2.76504e+006
1,-3.70627,2.77054e+006
1,-5.77382,2.75767e+006
1,-7.84225,2.75379e+006
1,-9.91157,2.74782e+006
1,-11.9818,2.74559e+006
1,-14.0529,2.73633e+006
1,-16.1248,2.72723e+006
1,-18.1977,2.70669e+006
1,-20.2714,2.69665e+006
1,-22.3461,2.6749e+006
1,-24.4216,2.56666e+006
1,-26.498,2.33759e+006
1,-28.5753,1.92119e+006
1,-30.6535,1.78302e+006
1,-32.7326,1.72425e+006
1,-34.8126,1.62049e+006
1,-36.8934,1.5132e+006
1,-38.9752,1.48397e+006
1,-41.0578,1.46573e+006
1,-43.1414,1.35292e+006
1,-45.2258,1.18107e+006
1,-47.3111,1.11122e+006
1,-49.3974,1.0075e+006
1,-51.4845,831883
1,-53.5725,755245
1,-55.6614,703114
1,-57.7512,620400
1,-59.8419,537027
1,-61.9335,493855
1,-64.026,458174
1,-66.1194,404243
1,-68.2136,367039
1,-70.3088,344790
1,-72.4049,318217
1,-74.5019,291013
1,-76.5998,272961
1,-78.6986,255440
1,-80.7983,238166
1,-82.8989,225561
1,-85.0004,213487
1,-87.1027,202155
1,-89.206,191665
1,-91.3103,183520
1,-93.4154,175544
1,-95.5214,167426
1,-97.6283,161220
1,-99.7361,157009
1,-101.845,152122
1,-103.954,148038
1,-106.065,145324
1,-108.176,142248
1,-110.289,137944
1,-112.402,134718
1,-114.516,131577
1,-116.631,128358
1,-118.747,125059
1,-120.864,122038
1,-122.982,119305
1,-125.101,116390
1,-127.22,113158
1,-129.341,110574
1,-131.462,108657
1,-133.585,106771
1,-135.708,104784
1,-137.832,103655
1,-139.958,103021
1,-142.084,102339
1,-144.211,102022
1,-146.338,102302
1,-148.467,103213
1,-150.597,105002
1,-152.728,107251
1,-154.859,109686
1,-156.992,112434
1,-159.125,115196
1,-161.259,117245
1,-163.394,118531
1,-165.531,119071
1,-167.668,118882
1,-169.806,117862
1,-171.945,116576
1,-174.084,112531
1,-176.225,108700
1,-178.367,106165
1,-180.51,104988
1,-182.653,103135
1,-184.798,101467
1,-186.943,102927
1,-189.089,104058
1,-191.237,103519
1,-193.385,104839
1,-195.534,107991
1,-197.684,109038
1,-199.835,108857
1,-201.987,109213
1,-204.14,111368
1,-206.293,109448
1,-208.448,107928
1,-210.604,109245
1,-212.76,110251
1,-214.918,111071
1,-217.076,112200
1,-219.235,114015
1,-221.396,115913
1,-223.557,117334
1,-225.719,118516
1,-227.882,120274
1,-230.046,120001
1,-232.211,119834
1,-234.377,120199
1,-236.544,119732
1,-238.712,119826
1,-240.88,120315
1,-243.05,121347
1,-245.221,122790
1,-247.392,123862
1,-249.565,125700
1,-251.738,128491
1,-253.913,128231
1,-256.088,129089
1,-258.264,129317
1,-260.441,128798
1,-262.62,130745
1,-264.799,129573
1,-266.979,129657
1,-269.16,130683
1,-271.342,131439
1,-273.524,131906
1,-275.708,132708
