1,1967.2,62727
1,1965.94,62734
1,1964.67,62734
1,1963.4,62748
1,1962.14,62737
1,1960.87,62738
1,1959.6,62734
1,1958.33,62729
1,1957.06,62740
1,1955.79,62746
1,1954.52,62747
1,1953.25,62752
1,1951.98,62738
1,1950.71,62752
1,1949.44,62764
1,1948.17,62749
1,1946.89,62763
1,1945.62,62757
1,1944.35,62759
1,1943.07,62750
1,1941.8,62759
1,1940.52,62749
1,1939.24,62751
1,1937.97,62756
1,1936.69,62762
1,1935.41,62780
1,1934.13,62750
1,1932.86,62767
1,1931.58,62789
1,1930.3,62795
1,1929.02,62800
1,1927.74,62805
1,1926.46,62831
1,1925.17,62836
1,1923.89,62853
1,1922.61,62901
1,1921.33,62917
1,1920.04,62959
1,1918.76,62955
1,1917.47,62988
1,1916.19,63007
1,1914.9,63030
1,1913.62,63052
1,1912.33,63044
1,1911.04,63062
1,1909.76,63052
1,1908.47,63031
1,1907.18,63062
1,1905.89,63011
1,1904.6,62988
1,1903.31,62934
1,1902.02,62932
1,1900.73,62902
1,1899.44,62854
1,1898.15,62840
1,1896.85,62825
1,1895.56,62781
1,1894.27,62779
1,1892.97,62752
1,1891.68,62784
1,1890.38,62759
1,1889.09,62723
1,1887.79,62736
1,1886.49,62739
1,1885.2,62727
1,1883.9,62751
1,1882.6,62729
1,1881.3,62725
1,1880,62715
1,1878.7,62716
1,1877.4,62710
1,1876.1,62726
1,1874.8,62733
1,1873.5,62713
1,1872.2,62745
1,1870.89,62721
1,1869.59,62728
1,1868.29,62733
1,1866.98,62754
1,1865.68,62730
1,1864.37,62721
1,1863.07,62749
1,1861.76,62718
1,1860.45,62737
1,1859.14,62726
1,1857.84,62738
1,1856.53,62734
1,1855.22,62717
1,1853.91,62716
1,1852.6,62741
1,1851.29,62725
1,1849.98,62741
1,1848.67,62735
1,1847.36,62735
1,1846.04,62711
1,1844.73,62752
1,1843.42,62728
1,1842.1,62718
1,1840.79,62727
1,1839.47,62735
1,1838.16,62729
1,1836.84,62728
1,1835.52,62719
1,1834.21,62724
1,1832.89,62742
1,1831.57,62706
1,1830.25,62727
1,1828.93,62722
1,1827.61,62744
1,1826.29,62747
1,1824.97,62742
1,1823.65,62738
1,1822.33,62749
1,1821.01,62735
1,1819.68,62737
1,1818.36,62718
1,1817.04,62733
1,1815.71,62763
1,1814.39,62752
1,1813.06,62736
1,1811.74,62738
1,1810.41,62738
1,1809.08,62748
1,1807.75,62754
1,1806.43,62738
1,1805.1,62742
1,1803.77,62747
1,1802.44,62735
1,1801.11,62757
1,1799.78,62744
1,1798.45,62730
1,1797.11,62749
1,1795.78,62754
1,1794.45,62744
1,1793.12,62736
1,1791.78,62737
1,1790.45,62745
1,1789.11,62727
1,1787.78,62749
1,1786.44,62748
1,1785.11,62771
1,1783.77,62738
1,1782.43,62760
1,1781.09,62753
1,1779.75,62738
1,1778.42,62735
1,1777.08,62782
1,1775.74,62748
1,1774.4,62758
1,1773.05,62752
1,1771.71,62754
1,1770.37,62745
1,1769.03,62772
1,1767.68,62765
1,1766.34,62750
1,1765,62761
1,1763.65,62757
1,1762.31,62782
1,1760.96,62761
1,1759.61,62737
1,1758.27,62741
1,1756.92,62763
1,1755.57,62759
1,1754.22,62777
1,1752.87,62756
1,1751.52,62750
1,1750.17,62767
1,1748.82,62759
1,1747.47,62769
1,1746.12,62766
1,1744.77,62756
1,1743.41,62776
1,1742.06,62762
1,1740.71,62770
1,1739.35,62768
1,1738,62780
1,1736.64,62800
1,1735.29,62770
1,1733.93,62774
1,1732.57,62789
1,1731.22,62787
1,1729.86,62806
1,1728.5,62790
1,1727.14,62789
1,1725.78,62785
1,1724.42,62803
1,1723.06,62795
1,1721.7,62783
1,1720.34,62782
1,1718.97,62794
1,1717.61,62773
1,1716.25,62815
1,1714.88,62804
1,1713.52,62784
1,1712.15,62911
1,1710.79,62795
1,1709.42,62803
1,1708.05,62809
1,1706.69,62808
1,1705.32,62799
1,1703.95,62805
1,1702.58,62830
1,1701.21,62800
1,1699.84,62790
1,1698.47,62788
1,1697.1,62812
1,1695.73,62809
1,1694.36,62804
1,1692.98,62813
1,1691.61,62810
1,1690.24,62805
1,1688.86,62815
1,1687.49,62844
1,1686.11,62812
1,1684.74,62817
1,1683.36,62839
1,1681.98,62845
1,1680.61,62802
1,1679.23,62833
1,1677.85,62828
1,1676.47,62823
1,1675.09,62801
1,1673.71,62821
1,1672.33,62820
1,1670.95,62846
1,1669.57,62857
1,1668.18,62905
1,1666.8,62838
1,1665.42,62838
1,1664.03,62836
1,1662.65,62860
1,1661.26,62841
1,1659.88,62829
1,1658.49,62866
1,1657.11,62851
1,1655.72,62857
1,1654.33,62869
1,1652.94,62890
1,1651.55,62853
1,1650.16,62875
1,1648.77,62880
1,1647.38,62855
1,1645.99,62859
1,1644.6,62858
1,1643.21,62860
1,1641.81,62905
1,1640.42,62884
1,1639.03,62858
1,1637.63,62883
1,1636.24,62878
1,1634.84,62868
1,1633.45,62871
1,1632.05,62878
1,1630.65,62891
1,1629.25,62864
1,1627.86,62877
1,1626.46,62898
1,1625.06,62880
1,1623.66,62878
1,1622.26,62878
1,1620.86,62874
1,1619.45,62896
1,1618.05,62865
1,1616.65,62878
1,1615.25,62891
1,1613.84,62887
1,1612.44,62886
1,1611.03,62874
1,1609.63,62881
1,1608.22,62879
1,1606.82,62858
1,1605.41,62873
1,1604,62888
1,1602.59,62871
1,1601.18,62894
1,1599.77,62870
1,1598.36,62865
1,1596.95,62876
1,1595.54,62866
1,1594.13,62878
1,1592.72,62865
1,1591.31,62885
1,1589.89,62873
1,1588.48,62868
1,1587.06,62871
1,1585.65,62863
1,1584.23,62868
1,1582.82,62863
1,1581.4,62893
1,1579.98,62839
1,1578.57,62852
1,1577.15,62850
1,1575.73,62851
1,1574.31,62868
1,1572.89,62861
1,1571.47,62855
1,1570.05,62873
1,1568.63,62869
1,1567.2,62856
1,1565.78,62854
1,1564.36,62863
1,1562.93,62845
1,1561.51,62866
1,1560.08,62869
1,1558.66,62860
1,1557.23,62846
1,1555.81,62875
1,1554.38,62866
1,1552.95,62857
1,1551.52,62860
1,1550.09,62846
1,1548.66,62853
1,1547.23,62855
1,1545.8,62861
1,1544.37,62853
1,1542.94,62857
1,1541.51,62846
1,1540.07,62884
1,1538.64,62854
1,1537.21,62859
1,1535.77,62858
1,1534.34,62850
1,1532.9,62863
1,1531.46,62888
1,1530.03,62855
1,1528.59,62870
1,1527.15,62862
1,1525.71,62873
1,1524.27,62890
1,1522.83,62886
1,1521.39,62879
1,1519.95,62873
1,1518.51,62881
1,1517.07,62883
1,1515.62,62874
1,1514.18,62885
1,1512.74,62893
1,1511.29,62877
1,1509.85,62895
1,1508.4,62895
1,1506.96,62909
1,1505.51,62903
1,1504.06,62897
1,1502.62,62908
1,1501.17,62895
1,1499.72,62907
1,1498.27,62914
1,1496.82,62904
1,1495.37,62918
1,1493.92,62909
1,1492.46,62922
1,1491.01,62920
1,1489.56,62915
1,1488.1,62936
1,1486.65,62955
1,1485.2,62945
1,1483.74,62943
1,1482.28,62954
1,1480.83,62994
1,1479.37,63019
1,1477.91,63021
1,1476.46,63044
1,1475,63065
1,1473.54,63077
1,1472.08,63089
1,1470.62,63094
1,1469.16,63095
1,1467.69,63086
1,1466.23,63102
1,1464.77,63079
1,1463.31,63073
1,1461.84,63064
1,1460.38,63067
1,1458.91,63053
1,1457.45,63081
1,1455.98,63082
1,1454.51,63108
1,1453.05,63133
1,1451.58,63169
1,1450.11,63193
1,1448.64,63322
1,1447.17,63322
1,1445.7,63397
1,1444.23,63487
1,1442.76,63547
1,1441.28,63643
1,1439.81,63603
1,1438.34,63598
1,1436.86,63580
1,1435.39,63506
1,1433.91,63435
1,1432.44,63388
1,1430.96,63305
1,1429.49,63258
1,1428.01,63214
1,1426.53,63169
1,1425.05,63160
1,1423.57,63134
1,1422.09,63119
1,1420.61,63094
1,1419.13,63087
1,1417.65,63046
1,1416.17,63060
1,1414.68,63053
1,1413.2,63060
1,1411.72,63022
1,1410.23,63033
1,1408.75,63041
1,1407.26,63030
1,1405.78,63018
1,1404.29,63019
1,1402.8,63011
1,1401.31,63013
1,1399.82,63006
1,1398.34,63001
1,1396.85,62998
1,1395.35,62977
1,1393.86,62991
1,1392.37,62981
1,1390.88,62970
1,1389.39,62989
1,1387.89,62992
1,1386.4,62979
1,1384.9,62963
1,1383.41,62941
1,1381.91,62966
1,1380.42,62962
1,1378.92,62957
1,1377.42,62946
1,1375.92,62963
1,1374.43,62959
1,1372.93,62972
1,1371.43,62964
1,1369.93,62945
1,1368.42,62968
1,1366.92,63136
1,1365.42,63320
1,1363.92,62971
1,1362.41,62931
1,1360.91,62929
1,1359.41,62933
1,1357.9,62935
1,1356.39,62918
1,1354.89,62919
1,1353.38,62936
1,1351.87,62902
1,1350.36,62922
1,1348.86,62916
1,1347.35,62947
1,1345.84,62879
1,1344.32,62890
1,1342.81,62912
1,1341.3,62901
1,1339.79,62898
1,1338.28,62901
1,1336.76,62915
1,1335.25,62896
1,1333.73,62917
1,1332.22,62898
1,1330.7,62916
1,1329.18,62897
1,1327.67,62885
1,1326.15,62918
1,1324.63,62916
1,1323.11,62902
1,1321.59,62901
1,1320.07,62899
1,1318.55,62894
1,1317.03,62898
1,1315.5,62894
1,1313.98,62937
1,1312.46,62910
1,1310.93,62902
1,1309.41,62922
1,1307.88,62897
1,1306.36,62907
1,1304.83,62902
1,1303.3,62909
1,1301.78,62900
1,1300.25,62904
1,1298.72,62910
1,1297.19,62907
1,1295.66,62898
1,1294.13,62922
1,1292.6,62925
1,1291.07,62924
1,1289.53,62909
1,1288,62937
1,1286.47,62917
1,1284.93,62925
1,1283.4,62930
1,1281.86,62918
1,1280.32,62925
1,1278.79,62946
1,1277.25,62962
1,1275.71,62968
1,1274.17,62964
1,1272.63,63001
1,1271.09,63007
1,1269.55,63022
1,1268.01,63036
1,1266.47,63071
1,1264.93,63066
1,1263.38,63069
1,1261.84,63111
1,1260.3,63087
1,1258.75,63073
1,1257.2,63059
1,1255.66,63084
1,1254.11,63032
1,1252.56,63009
1,1251.02,63019
1,1249.47,63012
1,1247.92,62985
1,1246.37,62956
1,1244.82,62977
1,1243.27,62958
1,1241.71,62944
1,1240.16,62933
1,1238.61,62981
1,1237.06,62941
1,1235.5,62922
1,1233.95,62908
1,1232.39,62914
1,1230.83,62908
1,1229.28,62926
1,1227.72,62904
1,1226.16,62901
1,1224.6,62904
1,1223.04,62910
1,1221.48,62905
1,1219.92,62898
1,1218.36,62907
1,1216.8,62906
1,1215.24,62887
1,1213.68,62898
1,1212.11,62902
1,1210.55,62900
1,1208.98,62914
1,1207.42,62898
1,1205.85,62887
1,1204.28,62895
1,1202.72,62880
1,1201.15,62909
1,1199.58,62894
1,1198.01,62894
1,1196.44,62877
1,1194.87,62883
1,1193.3,62906
1,1191.73,62894
1,1190.15,62890
1,1188.58,62870
1,1187.01,62877
1,1185.43,62894
1,1183.86,62890
1,1182.28,62917
1,1180.71,62903
1,1179.13,62892
1,1177.55,62880
1,1175.97,62889
1,1174.39,62882
1,1172.81,62873
1,1171.23,62888
1,1169.65,62873
1,1168.07,62905
1,1166.49,62879
1,1164.91,62897
1,1163.32,62891
1,1161.74,62891
1,1160.16,62893
1,1158.57,62881
1,1156.99,62904
1,1155.4,62889
1,1153.81,62893
1,1152.22,62907
1,1150.64,62891
1,1149.05,62909
1,1147.46,62915
1,1145.87,62895
1,1144.28,62925
1,1142.68,62920
1,1141.09,62901
1,1139.5,62897
1,1137.91,62929
1,1136.31,62924
1,1134.72,62922
1,1133.12,62935
1,1131.53,62912
1,1129.93,62929
1,1128.33,62938
1,1126.73,62956
1,1125.13,62937
1,1123.54,62940
1,1121.94,62946
1,1120.33,62973
1,1118.73,62981
1,1117.13,62968
1,1115.53,62983
1,1113.93,62987
1,1112.32,63024
1,1110.72,62998
1,1109.11,63014
1,1107.51,63018
1,1105.9,63016
1,1104.29,63021
1,1102.69,63012
1,1101.08,63026
1,1099.47,63036
1,1097.86,63037
1,1096.25,63026
1,1094.64,63045
1,1093.03,63052
1,1091.41,63044
1,1089.8,63080
1,1088.19,63072
1,1086.57,63093
1,1084.96,63128
1,1083.34,63149
1,1081.73,63184
1,1080.11,63224
1,1078.49,63269
1,1076.87,63323
1,1075.26,63373
1,1073.64,63416
1,1072.02,63452
1,1070.4,63499
1,1068.77,63501
1,1067.15,63494
1,1065.53,63458
1,1063.91,63428
1,1062.28,63404
1,1060.66,63367
1,1059.03,63333
1,1057.41,63307
1,1055.78,63256
1,1054.15,63212
1,1052.52,63228
1,1050.9,63170
1,1049.27,63186
1,1047.64,63159
1,1046.01,63155
1,1044.37,63179
1,1042.74,63188
1,1041.11,63195
1,1039.48,63215
1,1037.84,63251
1,1036.21,63280
1,1034.57,63310
1,1032.94,63371
1,1031.3,63401
1,1029.66,63377
1,1028.03,63424
1,1026.39,63369
1,1024.75,63350
1,1023.11,63297
1,1021.47,63250
1,1019.83,63192
1,1018.18,63147
1,1016.54,63128
1,1014.9,63544
1,1013.26,63063
1,1011.61,63056
1,1009.97,63039
1,1008.32,63014
1,1006.67,62987
1,1005.03,62999
1,1003.38,62984
1,1001.73,62991
1,1000.08,62964
1,998.431,62978
1,996.78,62976
1,995.129,62955
1,993.477,62970
1,991.825,62960
1,990.172,62966
1,988.518,62949
1,986.863,62962
1,985.208,62948
1,983.552,62972
1,981.896,62989
1,980.238,62946
1,978.58,62955
1,976.922,62945
1,975.263,62951
1,973.603,62940
1,971.942,62944
1,970.281,62948
1,968.619,62956
1,966.956,62946
1,965.293,62944
1,963.629,62938
1,961.965,62944
1,960.299,62953
1,958.633,62957
1,956.967,62929
1,955.299,62935
1,953.631,62942
1,951.963,62989
1,950.293,62964
1,948.623,62954
1,946.953,62957
1,945.281,62948
1,943.609,62951
1,941.936,62950
1,940.263,62942
1,938.589,62955
1,936.914,62956
1,935.238,62963
1,933.562,62958
1,931.885,62950
1,930.208,62959
1,928.53,62956
1,926.851,62959
1,925.171,62964
1,923.491,62982
1,921.81,62964
1,920.128,62970
1,918.446,62970
1,916.763,62991
1,915.079,62990
1,913.395,62985
1,911.71,62983
1,910.024,62998
1,908.338,63008
1,906.651,63007
1,904.963,62990
1,903.274,62993
1,901.585,63027
1,899.895,63026
1,898.205,63029
1,896.514,63028
1,894.822,63026
1,893.129,63058
1,891.436,63045
1,889.742,63058
1,888.047,63070
1,886.352,63088
1,884.656,63124
1,882.959,63167
1,881.262,63199
1,879.563,63263
1,877.865,63335
1,876.165,63483
1,874.465,63580
1,872.764,63796
1,871.062,64000
1,869.36,64294
1,867.657,64490
1,865.953,64741
1,864.249,64878
1,862.544,64827
1,860.838,64758
1,859.132,64597
1,857.424,64354
1,855.717,64064
1,854.008,63825
1,852.299,63628
1,850.589,63493
1,848.878,63377
1,847.167,63298
1,845.455,63250
1,843.742,63185
1,842.028,63173
1,840.314,63163
1,838.599,63153
1,836.884,63116
1,835.168,63107
1,833.451,63101
1,831.733,63094
1,830.015,63100
1,828.296,63092
1,826.576,63085
1,824.855,63048
1,823.134,63067
1,821.412,63055
1,819.69,63054
1,817.966,63092
1,816.242,63066
1,814.518,63084
1,812.792,63044
1,811.066,63076
1,809.339,63055
1,807.612,63075
1,805.884,63071
1,804.155,63072
1,802.425,63088
1,800.695,63065
1,798.964,63068
1,797.232,63070
1,795.499,63084
1,793.766,63093
1,792.032,63073
1,790.298,63109
1,788.562,63065
1,786.826,63096
1,785.09,63091
1,783.352,63092
1,781.614,63124
1,779.875,63104
1,778.136,63097
1,776.395,63106
1,774.654,63136
1,772.912,63112
1,771.17,63119
1,769.427,63122
1,767.683,63131
1,765.938,63126
1,764.193,63152
1,762.447,63135
1,760.7,63147
1,758.953,63136
1,757.205,63172
1,755.456,63163
1,753.706,63175
1,751.956,63171
1,750.205,63185
1,748.453,63176
1,746.701,63176
1,744.947,63219
1,743.194,63194
1,741.439,63216
1,739.684,63214
1,737.927,63225
1,736.171,63229
1,734.413,63209
1,732.655,63226
1,730.896,63233
1,729.136,63243
1,727.376,63255
1,725.615,63242
1,723.853,63250
1,722.09,63235
1,720.327,63285
1,718.563,63261
1,716.798,63268
1,715.033,63256
1,713.266,63250
1,711.5,63267
1,709.732,63280
1,707.963,63260
1,706.194,63270
1,704.425,63269
1,702.654,63291
1,700.883,63264
1,699.111,63287
1,697.338,63300
1,695.564,63295
1,693.79,63237
1,692.015,63283
1,690.24,63283
1,688.463,63258
1,686.686,63284
1,684.908,63279
1,683.129,63295
1,681.35,63275
1,679.57,63274
1,677.789,63291
1,676.008,63272
1,674.225,63286
1,672.442,63284
1,670.659,63280
1,668.874,63301
1,667.089,63276
1,665.303,63285
1,663.516,63248
1,661.729,63282
1,659.941,63275
1,658.152,63273
1,656.362,63246
1,654.572,63307
1,652.781,63260
1,650.989,63265
1,649.196,63257
1,647.403,63254
1,645.609,63271
1,643.814,63266
1,642.019,63281
1,640.222,63281
1,638.425,63273
1,636.628,63298
1,634.829,63269
1,633.03,63259
1,631.23,63249
1,629.429,63249
1,627.627,63247
1,625.825,63262
1,624.022,63253
1,622.219,63268
1,620.414,63251
1,618.609,63273
1,616.803,63276
1,614.996,63267
1,613.189,63241
1,611.381,63276
1,609.572,63294
1,607.762,63258
1,605.951,63250
1,604.14,63262
1,602.328,63259
1,600.516,63275
1,598.702,63278
1,596.888,63276
1,595.073,63270
1,593.257,63245
1,591.441,63280
1,589.624,63237
1,587.806,63254
1,585.987,63225
1,584.168,63200
1,582.347,63163
1,580.526,63148
1,578.705,63150
1,576.882,63151
1,575.059,63154
1,573.235,63151
1,571.41,63155
1,569.585,63179
1,567.759,63159
1,565.932,63182
1,564.104,63218
1,562.275,63222
1,560.446,63234
1,558.616,63248
1,556.785,63258
1,554.954,63275
1,553.121,63274
1,551.288,63309
1,549.454,63293
1,547.62,63344
1,545.784,63340
1,543.948,63321
1,542.111,63320
1,540.274,63394
1,538.435,63385
1,536.596,63388
1,534.756,63369
1,532.916,63383
1,531.074,63410
1,529.232,63386
1,527.389,63389
1,525.545,63382
1,523.701,63381
1,521.855,63410
1,520.009,63423
1,518.163,63417
1,516.315,63425
1,514.467,63411
1,512.618,63403
1,510.768,63415
1,508.917,63425
1,507.066,63416
1,505.213,63441
1,503.36,63439
1,501.507,63435
1,499.652,63452
1,497.797,63453
1,495.941,63451
1,494.084,63466
1,492.226,63428
1,490.368,63451
1,488.509,63455
1,486.649,63497
1,484.788,63478
1,482.927,63488
1,481.065,63504
1,479.202,63498
1,477.338,63508
1,475.473,63475
1,473.608,63511
1,471.742,63529
1,469.875,63492
1,468.007,63493
1,466.139,63509
1,464.269,63524
1,462.399,63516
1,460.529,63515
1,458.657,63519
1,456.785,63509
1,454.912,63528
1,453.038,63606
1,451.163,63547
1,449.288,63547
1,447.411,63563
1,445.534,63562
1,443.656,63565
1,441.778,63566
1,439.898,63607
1,438.018,63612
1,436.137,63605
1,434.256,63629
1,432.373,63637
1,430.49,63638
1,428.606,63670
1,426.721,63675
1,424.835,63647
1,422.949,63651
1,421.061,63642
1,419.173,63663
1,417.285,63608
1,415.395,63632
1,413.504,63596
1,411.613,63562
1,409.721,63570
1,407.829,63574
1,405.935,63551
1,404.041,63582
1,402.145,63595
1,400.25,63596
1,398.353,63570
1,396.455,63571
1,394.557,63572
1,392.658,63569
1,390.758,63572
1,388.857,63586
1,386.956,63613
1,385.053,63611
1,383.15,63588
1,381.246,63569
1,379.342,63606
1,377.436,63616
1,375.53,63628
1,373.623,63623
1,371.715,63642
1,369.806,63672
1,367.897,63669
1,365.987,63669
1,364.076,63679
1,362.164,63708
1,360.251,63698
1,358.338,63704
1,356.423,63709
1,354.508,63717
1,352.592,63744
1,350.676,63733
1,348.758,63756
1,346.84,63823
1,344.921,63754
1,343.001,63779
1,341.08,63830
1,339.159,63820
1,337.236,63844
1,335.313,63813
1,333.389,63880
1,331.464,63873
1,329.539,63871
1,327.613,63883
1,325.685,63898
1,323.757,63899
1,321.829,63929
1,319.899,63939
1,317.969,63947
1,316.037,63952
1,314.105,63974
1,312.173,63996
1,310.239,64011
1,308.304,64013
1,306.369,64079
1,304.433,64078
1,302.496,64085
1,300.558,64125
1,298.62,64087
1,296.681,64131
1,294.74,64154
1,292.799,64167
1,290.858,64182
1,288.915,64223
1,286.972,64287
1,285.027,64231
1,283.082,64303
1,281.136,64336
1,279.19,64401
1,277.242,64451
1,275.294,64502
1,273.345,64589
1,271.395,64644
1,269.444,64741
1,267.492,64774
1,265.54,64868
1,263.586,65028
1,261.632,65153
1,259.677,65294
1,257.722,65450
1,255.765,65607
1,253.808,65803
1,251.85,65961
1,249.891,66173
1,247.931,66448
1,245.97,66696
1,244.008,67049
1,242.046,67318
1,240.083,67670
1,238.119,67928
1,236.154,68266
1,234.188,68596
1,232.222,69065
1,230.255,69581
1,228.286,70228
1,226.317,70955
1,224.348,71575
1,222.377,72130
1,220.406,72448
1,218.433,72591
1,216.46,72491
1,214.486,72578
1,212.511,72860
1,210.536,73129
1,208.559,73218
1,206.582,73431
1,204.604,73343
1,202.625,73325
1,200.645,73210
1,198.664,73251
1,196.683,73047
1,194.7,73108
1,192.717,72770
1,190.733,72519
1,188.748,72141
1,186.763,71944
1,184.776,71712
1,182.789,71697
1,180.801,71514
1,178.812,71449
1,176.822,71439
1,174.831,71684
1,172.839,71970
1,170.847,72240
1,168.854,72699
1,166.86,73167
1,164.865,73551
1,162.869,73992
1,160.872,74199
1,158.875,74168
1,156.876,74075
1,154.877,73948
1,152.877,73388
1,150.876,72517
1,148.875,71692
1,146.872,71006
1,144.869,70366
1,142.864,69510
1,140.859,68792
1,138.853,68458
1,136.846,68190
1,134.839,67936
1,132.83,67765
1,130.821,67716
1,128.81,67629
1,126.799,67612
1,124.787,67570
1,122.775,67599
1,120.761,67560
1,118.746,67640
1,116.731,67673
1,114.715,67755
1,112.698,67815
1,110.68,67855
1,108.661,67970
1,106.641,68137
1,104.621,68311
1,102.6,68515
1,100.577,68744
1,98.5543,68934
1,96.5304,69255
1,94.5056,69547
1,92.4799,69960
1,90.4534,70350
1,88.426,70894
1,86.3977,71715
1,84.3686,72485
1,82.3386,73381
1,80.3078,74134
1,78.2761,74895
1,76.2435,75726
1,74.2101,76347
1,72.1758,76996
1,70.1406,77631
1,68.1046,78494
1,66.0677,79560
1,64.0299,80666
1,61.9913,81949
1,59.9518,83591
1,57.9114,85591
1,55.8702,87718
1,53.828,90274
1,51.7851,93842
1,49.7412,98471
1,47.6965,103309
1,45.6509,107851
1,43.6044,113763
1,41.5571,121199
1,39.5088,129004
1,37.4598,136817
1,35.4098,147035
1,33.359,157884
1,31.3072,167356
1,29.2546,179328
1,27.2012,192275
1,25.1468,196516
1,23.0916,200788
1,21.0355,222311
1,18.9785,257550
1,16.9207,284601
1,14.862,513197
1,12.8023,1.17729e+006
1,10.7419,1.48636e+006
1,8.68048,1.552e+006
1,6.61823,1.92814e+006
1,4.55509,2.48879e+006
1,2.49108,2.46316e+006
1,0.426177,2.40858e+006
1,-1.6396,2.52882e+006
1,-3.70627,2.54901e+006
1,-5.77382,2.16795e+006
1,-7.84225,1.98968e+006
1,-9.91157,2.03079e+006
1,-11.9818,1.80507e+006
1,-14.0529,1.36548e+006
1,-16.1248,1.07326e+006
1,-18.1977,975094
1,-20.2714,620646
1,-22.3461,385798
1,-24.4216,325565
1,-26.498,285113
1,-28.5753,205108
1,-30.6535,179694
1,-32.7326,173802
1,-34.8126,157889
1,-36.8934,139889
1,-38.9752,135508
1,-41.0578,134086
1,-43.1414,121927
1,-45.2258,113997
1,-47.3111,110759
1,-49.3974,106145
1,-51.4845,98492
1,-53.5725,94862
1,-55.6614,92453
1,-57.7512,88892
1,-59.8419,85265
1,-61.9335,83100
1,-64.026,81487
1,-66.1194,79167
1,-68.2136,77342
1,-70.3088,76293
1,-72.4049,75092
1,-74.5019,73808
1,-76.5998,72881
1,-78.6986,72045
1,-80.7983,71268
1,-82.8989,70646
1,-85.0004,70103
1,-87.1027,69565
1,-89.206,69065
1,-91.3103,68665
1,-93.4154,68272
1,-95.5214,67905
1,-97.6283,67592
1,-99.7361,67334
1,-101.845,67108
1,-103.954,66955
1,-106.065,66833
1,-108.176,66680
1,-110.289,66424
1,-112.402,66315
1,-114.516,66134
1,-116.631,65994
1,-118.747,65930
1,-120.864,65736
1,-122.982,65593
1,-125.101,65457
1,-127.22,65297
1,-129.341,65144
1,-131.462,65054
1,-133.585,64937
1,-135.708,64845
1,-137.832,64774
1,-139.958,64782
1,-142.084,64769
1,-144.211,64740
1,-146.338,64703
1,-148.467,64787
1,-150.597,64878
1,-152.728,65024
1,-154.859,65102
1,-156.992,65262
1,-159.125,65361
1,-161.259,65465
1,-163.394,65524
1,-165.531,65559
1,-167.668,65503
1,-169.806,65461
1,-171.945,65405
1,-174.084,65188
1,-176.225,65013
1,-178.367,64907
1,-180.51,64856
1,-182.653,64778
1,-184.798,64650
1,-186.943,64720
1,-189.089,64779
1,-191.237,64745
1,-193.385,64797
1,-195.534,64973
1,-197.684,65027
1,-199.835,64970
1,-201.987,65009
1,-204.14,65076
1,-206.293,65042
1,-208.448,64940
1,-210.604,64993
1,-212.76,65037
1,-214.918,65075
1,-217.076,65103
1,-219.235,65166
1,-221.396,65257
1,-223.557,65315
1,-225.719,65352
1,-227.882,65423
1,-230.046,65422
1,-232.211,65370
1,-234.377,65419
1,-236.544,65377
1,-238.712,65425
1,-240.88,65411
1,-243.05,65445
1,-245.221,65567
1,-247.392,65589
1,-249.565,65598
1,-251.738,65707
1,-253.913,65698
1,-256.088,65761
1,-258.264,65754
1,-260.441,65731
1,-262.62,65754
1,-264.799,65724
1,-266.979,65668
1,-269.16,65656
1,-271.342,65724
1,-273.524,65650
1,-275.708,66004
